1 100
25 100
6 97
28 100
28 100
3 29
17 100
19 100
13 34
36 100
4 100
12 100
45 100
38 100
24 100
17 100
7 74
6 100
30 100
2 100
24 100
41 100
9 100
24 100
19 100
16 100
5 20
22 100
25 100
13 100
37 100
56 100
32 100
25 100
8 23
54 100
10 100
22 100
7 54
1 100
11 40
42 71
3 100
21 100
49 100
35 100
1 21
28 100
8 100
11 100
10 100
1 55
4 100
3 100
44 100
4 100
1 88
81 100
10 100
23 100
39 100
16 91
3 100
29 100
34 100
17 100
23 27
22 100
13 100
1 100
2 100
3 100
27 100
18 100
22 100
30 87
26 96
13 100
19 100
30 100
38 100
17 100
6 100
2 100
17 100
14 25
9 100
14 100
45 45
23 100
36 100
40 100
11 33
14 100
19 100
6 100
3 97
15 100
34 100
19 100
